--- scanner 0 ---
-383,494,-722
416,680,-782
702,-466,-370
-497,489,-749
393,371,887
346,-812,668
-331,-537,-634
449,549,858
-694,757,676
437,492,926
-449,-615,-701
32,70,131
-588,-759,491
-386,-503,-743
652,-482,-490
390,-826,736
430,721,-642
285,-788,616
-468,470,-620
-613,-685,381
-660,-625,438
-630,787,857
-557,827,723
863,-442,-469
-28,-51,-26
408,557,-671

--- scanner 1 ---
677,636,670
656,-350,616
-728,663,-297
-32,3,107
841,-531,-758
-580,681,526
459,754,-538
-553,719,488
-782,-365,-466
-606,-593,510
-649,-711,555
670,-414,-760
600,620,815
-729,-408,-463
557,763,718
-706,534,-323
-599,589,-299
352,693,-536
-528,-692,530
742,-264,668
383,795,-651
-558,700,724
-733,-555,-430
729,-403,-704
629,-304,760

--- scanner 2 ---
845,-525,424
-297,-724,-404
705,475,441
-528,746,327
-492,-491,586
947,-315,-543
-461,981,-665
791,897,-789
3,172,-165
874,-473,313
620,428,554
832,-294,-425
975,-455,373
-441,924,-720
-324,782,279
702,845,-727
-359,747,386
-520,983,-860
725,-283,-536
-352,-703,-475
-225,-758,-558
-520,-616,579
147,56,-44
741,756,-805
-495,-606,635
596,442,457

--- scanner 3 ---
622,-463,380
-743,811,559
-553,-625,-725
-712,-775,791
-606,741,606
308,825,-732
559,396,526
-116,97,136
391,880,-859
693,-861,-564
724,-486,471
804,-521,414
237,846,-787
553,-802,-643
-3,62,-58
498,-859,-623
-746,738,-564
-802,728,-589
-640,-641,844
-753,613,-592
-670,771,425
583,406,434
486,438,391
-446,-660,-760
-687,-701,901
-494,-624,-556

--- scanner 4 ---
567,-413,291
37,98,16
-800,-787,481
526,657,578
477,542,575
-470,737,-438
-431,-442,-685
785,-491,-858
-684,-728,597
673,529,-620
815,-484,-858
-639,695,814
-451,-451,-797
533,532,550
-432,-316,-808
-458,794,-370
-831,-821,647
-79,12,-95
732,-440,275
-414,915,-409
616,-441,274
-638,738,727
781,-444,-808
536,459,-573
609,499,-439
-561,620,712

--- scanner 5 ---
-140,-57,-54
425,-555,-443
310,409,-652
-517,-532,-583
572,-681,406
396,402,737
-609,570,-783
-529,449,793
-473,499,737
-811,550,-772
-801,-733,410
591,-703,604
567,408,750
-474,-479,-586
351,534,-724
-702,-655,390
610,-708,368
480,-662,-419
406,436,710
363,489,-606
-729,494,-777
-388,408,788
-664,-528,-550
554,-533,-417
-820,-612,435

--- scanner 6 ---
-616,792,-391
782,634,-497
502,520,554
-321,668,572
-562,-519,481
694,-617,472
464,493,516
-32,76,-91
-609,792,-421
-347,646,701
-660,-341,-474
726,731,-470
646,-737,599
558,-608,-547
615,-553,-532
-656,742,-425
-560,-412,542
28,-105,80
502,-626,-642
791,-660,615
791,611,-361
-659,-340,-590
700,498,535
-323,539,646
-687,-357,-639
-675,-443,440
161,-73,-77

--- scanner 7 ---
-109,-33,-138
-446,-451,-456
620,685,-876
598,908,-874
519,424,832
-433,-622,-462
-777,-627,627
-395,333,-462
670,-664,-450
-446,418,-553
-390,474,-503
376,380,825
-30,102,33
431,512,825
-815,-665,654
-473,-461,-490
-579,-646,649
-748,765,558
526,-619,-524
601,-645,-659
500,-484,650
626,863,-810
82,-87,20
-793,647,601
-773,746,679
459,-435,585
462,-323,552

--- scanner 8 ---
618,-575,-405
-381,637,514
491,606,-350
562,358,799
-451,500,561
616,-514,-512
519,557,-333
-421,564,380
569,388,799
-454,640,-609
-312,-497,-904
-786,-689,389
-367,-414,-777
522,392,749
-754,-592,346
518,441,-334
503,-473,-436
855,-679,546
-796,-665,481
857,-605,675
-346,-343,-832
831,-734,653
-41,-90,6
-579,647,-637
109,51,-42
-464,696,-634

--- scanner 9 ---
-314,556,-748
-267,471,-635
686,696,-765
-645,-822,801
7,-157,-17
616,826,-816
614,-405,562
571,-492,561
689,-507,484
891,372,738
-317,645,635
-585,-677,-862
-621,-473,-910
634,725,-876
767,-644,-554
861,513,736
652,-641,-603
777,-669,-610
-312,560,656
943,354,759
145,-57,-102
-446,592,673
-281,447,-732
-524,-869,808
-586,-508,-803
-600,-860,658

--- scanner 10 ---
-988,-745,421
-980,-744,-811
-665,492,-838
-542,366,-837
492,695,687
530,683,606
-954,-791,561
588,-515,-818
586,-670,669
-553,501,-818
-912,-687,-799
-116,-67,-160
350,448,-681
538,647,514
-905,-659,547
728,-556,-832
-78,92,-55
454,466,-522
617,-679,-840
-595,824,551
-941,-865,-855
555,497,-680
-585,760,507
630,-709,574
-599,694,575
447,-716,575

--- scanner 11 ---
-711,-575,-794
-156,149,-57
-743,741,442
-458,462,-501
-868,-585,847
729,801,780
-604,-630,-770
360,-745,-561
-508,496,-461
-458,492,-508
-776,-561,857
-696,604,512
435,687,-637
440,-692,-607
485,-704,-489
702,915,775
401,652,-520
714,-335,660
600,830,799
793,-255,639
-911,-488,815
-582,-501,-796
332,649,-669
739,-314,471
34,49,76
-877,668,482

--- scanner 12 ---
-838,565,701
-546,-597,465
-740,412,-705
-108,-126,-79
560,-903,832
-727,442,709
-629,-889,-525
488,-523,-674
-696,451,-800
-525,-557,254
-397,-903,-512
-585,-928,-532
-557,405,-706
870,377,680
844,330,-692
448,-573,-796
878,376,-552
38,11,-147
795,462,-678
612,-927,771
802,434,668
-426,-581,415
831,256,724
405,-519,-855
680,-941,727
-698,606,687

--- scanner 13 ---
587,-791,-805
-809,359,-688
804,480,332
663,835,-671
790,548,288
-139,-63,-131
-570,-807,559
22,15,-23
646,-477,799
622,-826,-912
-688,-792,482
-776,-630,-612
-766,-655,-556
766,600,227
601,-439,656
-849,493,-615
-393,329,335
-613,-894,560
-571,358,391
-779,540,-752
-514,290,379
737,725,-646
525,-430,806
586,-622,-864
-651,-658,-605
603,778,-718

--- scanner 14 ---
777,-631,-530
404,638,-524
-355,-863,668
-342,372,-583
-324,-897,502
-516,619,335
418,679,-439
-594,544,437
-340,342,-442
495,-488,720
654,571,716
-562,-473,-754
404,670,-474
535,-507,799
-319,290,-424
-471,-804,552
935,-755,-518
-651,-409,-634
734,633,703
812,-740,-434
507,-601,636
745,545,618
-517,662,422
-599,-478,-698
58,-27,-84

--- scanner 15 ---
-419,-744,-730
315,366,792
401,-845,-723
336,391,603
331,-885,845
582,345,-350
-525,-726,-681
-966,491,-543
-468,-630,898
-556,-680,911
618,491,-413
646,489,-360
-533,-660,-814
-431,-739,840
-911,382,-509
256,312,624
336,-902,616
-848,424,-621
-102,17,130
-829,505,464
472,-754,-723
354,-914,713
-166,-96,-55
-914,403,488
574,-860,-793
-800,376,483

--- scanner 16 ---
492,867,644
-590,684,-533
594,898,529
617,-476,-857
541,-359,-848
-422,969,629
596,-320,-953
-538,970,628
107,80,-148
-809,-707,-763
-415,-598,524
-578,-746,-743
818,-651,584
-441,-733,513
-480,757,-646
655,-683,527
-587,953,656
-600,-626,-766
-45,118,-24
-508,-693,464
524,693,-725
746,-605,412
651,573,-677
-495,702,-589
533,791,531
667,650,-822

--- scanner 17 ---
-622,-716,-525
640,427,420
9,33,65
-729,-671,-517
886,473,-533
604,573,483
-321,880,679
891,-803,-775
-568,-638,-457
868,-832,-643
-395,858,651
-385,906,587
-544,895,-607
-492,892,-694
-476,919,-493
576,571,430
179,-49,119
103,144,-33
821,-763,793
-491,-309,453
907,448,-722
-453,-372,499
-511,-339,461
886,-820,-546
966,394,-554
648,-778,863
750,-672,793

--- scanner 18 ---
865,-600,535
376,624,313
-691,-811,-859
-638,-448,652
493,-761,-450
366,-678,-395
834,-702,420
-503,513,-828
758,-661,533
-716,-539,537
688,630,-470
-596,795,771
547,507,311
488,496,367
92,90,-142
658,517,-488
-29,-25,-50
-542,499,-626
831,572,-510
-569,405,-789
-579,856,677
-806,-693,-838
-584,-700,-870
438,-832,-429
-684,-376,480
-549,693,709

--- scanner 19 ---
675,-900,-912
576,258,461
-899,-562,-885
455,437,-847
402,308,-809
-944,-505,641
-926,-448,649
-682,-563,-880
-857,-416,731
693,-952,-933
-162,-132,-84
-677,486,-526
534,-870,-910
487,303,-830
351,-695,591
221,-625,642
600,272,558
-675,381,-672
-606,303,477
-772,-583,-734
491,305,574
-29,-7,-148
-803,353,513
-817,299,557
-729,412,-553
322,-643,702

--- scanner 20 ---
-613,561,508
-100,88,2
340,478,-606
-853,596,-397
539,926,512
-804,618,-339
778,-305,-582
374,-449,416
-598,-568,835
642,809,433
-740,-602,772
-735,-611,732
-817,-723,-368
328,-416,462
7,-51,101
-843,743,-319
-497,516,601
613,726,532
698,-450,-647
260,619,-552
359,-510,505
-851,-705,-456
329,556,-657
-568,618,535
743,-393,-475
-826,-788,-374

--- scanner 21 ---
375,419,-292
674,-791,526
391,714,549
-817,441,446
-787,582,448
386,629,528
-869,423,425
598,-800,376
-615,-438,700
536,491,-321
-489,473,-298
-526,-704,-628
-540,-336,622
-33,90,152
819,-619,-675
863,-590,-709
-480,438,-312
520,661,511
-588,-717,-548
-521,523,-298
860,-747,-757
-497,-423,623
-614,-619,-639
719,-753,383
84,-46,-4
394,426,-413

--- scanner 22 ---
-642,-484,-438
-402,772,487
-436,614,-512
601,-445,511
783,-655,-548
715,606,791
862,-639,-392
-362,569,-656
673,798,-445
-767,-340,-444
640,910,-448
504,-418,567
-374,611,447
742,568,829
737,587,593
-376,-647,582
-368,782,460
624,-309,502
-338,-708,581
-571,588,-587
-33,-8,-3
-548,-398,-462
134,-52,125
839,-612,-550
109,106,-60
-337,-640,744
738,749,-486

--- scanner 23 ---
635,-783,-873
675,453,-812
-765,-843,-692
686,-730,260
339,802,466
398,686,582
-700,-734,-812
-532,-657,527
-647,599,374
685,-614,259
-587,661,-647
642,-813,-873
-756,-707,-715
-567,556,-786
-694,550,423
-476,-562,545
810,434,-823
-14,-82,-128
-666,557,-677
682,-779,-823
305,833,632
713,-565,276
-790,463,379
-589,-672,472
684,433,-700

--- scanner 24 ---
-392,386,774
801,578,-529
795,458,-453
-775,658,-408
-695,-515,475
481,-728,-398
-372,485,696
601,670,573
44,12,93
496,-789,-309
-613,-627,-625
450,-822,-355
900,-933,689
865,-845,582
568,523,569
-729,-533,563
-618,-636,-665
-704,-450,481
604,713,520
820,-788,754
790,376,-509
-476,-670,-728
-719,714,-458
-770,799,-367
-417,367,653

--- scanner 25 ---
-422,723,-670
-270,-861,454
908,-516,-528
789,426,539
-231,-790,395
-569,724,716
723,355,437
862,-470,-495
552,598,-681
-516,-733,-761
-630,-734,-906
-402,646,-597
-590,-802,-814
-464,682,738
792,-755,647
-578,621,690
126,-69,31
-22,-130,-131
891,-784,730
-335,619,-755
816,471,482
-261,-763,486
592,593,-690
489,456,-647
812,-681,847
819,-501,-589

--- scanner 26 ---
808,541,-518
-571,511,-513
861,587,-438
617,352,504
580,-669,674
-533,479,-410
-654,-680,-439
765,-775,-465
-316,-760,561
109,-91,-38
-380,687,430
604,-815,-437
-452,-751,538
-346,647,380
-715,-681,-401
-647,-518,-400
-56,3,-86
775,-802,-431
-425,-695,441
62,63,74
746,378,526
599,-471,652
561,-433,679
820,659,-563
-536,628,-479
691,354,633
-376,640,380

--- scanner 27 ---
431,368,347
508,-632,432
-18,-140,-167
439,615,379
913,-774,-641
-466,-506,-752
-709,486,769
877,788,-560
-267,703,-717
932,724,-481
-280,709,-511
-391,-754,822
-662,407,691
-540,455,807
-369,777,-653
-427,-601,-796
840,844,-476
504,-451,349
874,-781,-685
-420,-600,-613
558,-510,392
-345,-614,788
888,-794,-453
-477,-628,739
38,-45,21
424,444,395

--- scanner 28 ---
-112,40,77
513,-741,-476
64,-38,169
-738,576,870
366,442,769
-560,-628,610
-863,821,-269
75,100,2
-615,-685,625
-796,375,863
555,495,-668
-667,-452,-537
491,-543,-457
-877,799,-375
-633,-741,720
-758,480,737
-744,-597,-521
724,-517,548
389,600,742
588,498,-780
604,-452,439
490,536,-619
445,598,785
486,-779,-438
-624,-549,-394
627,-461,575
-778,827,-282

--- scanner 29 ---
722,-392,-617
-814,-432,-624
837,504,801
-760,437,-585
810,509,915
-803,469,-488
708,485,830
-668,427,-561
722,-522,967
-769,802,668
-723,-455,-726
868,-329,-581
901,645,-255
-403,-744,710
847,813,-314
-293,-670,685
831,-488,912
-635,842,741
-588,772,604
-780,-490,-806
96,8,173
724,-339,-645
789,-600,849
15,128,70
822,624,-335
-350,-610,638

--- scanner 30 ---
813,401,806
740,-455,648
-654,-721,505
-751,433,-565
-153,37,-24
733,-608,-632
-858,494,-567
-827,392,-452
-629,-777,515
-930,-638,-468
691,718,-512
-66,-64,95
638,-515,-572
698,283,827
-486,333,418
-359,416,363
-913,-687,-440
-626,-728,630
773,-541,-583
-929,-522,-467
645,646,-684
591,394,838
-431,262,397
841,-515,666
711,-566,596
723,555,-569
